0.298
0.349
0.388
0.401
0.479
0.505
0.569
0.608
0.660
0.699
0.738
0.776
0.815
0.815
0.880
0.919
0.971
1.022
1.048
1.087
1.126
1.165
1.191
1.229
1.255
1.307
1.333
1.359
1.398
1.436
1.462
1.488
1.527
1.540
1.566
1.592
1.618
1.644
1.644
1.695
1.734
1.773
1.799
1.838
1.851
1.902
1.928
1.954
1.980
2.006
2.032
2.058
2.058
2.109
2.135
2.161
2.187
2.213
2.239
2.252
2.265
2.291
2.316
2.342
2.368
2.381
2.394
2.420
2.433
2.446
2.459
2.472
2.498
2.524
2.536
2.562
2.575
2.575
2.588
2.601
2.588
2.575
2.562
2.536
2.536
2.524
2.524
2.511
2.498
2.498
2.485
2.485
2.485
2.485
2.485
2.485
2.459
2.446
2.433
2.420
2.407
2.394
2.394
2.381
2.381
2.368
2.368
2.355
2.355
2.342
2.329
2.329
2.329
2.316
2.316
2.316
2.316
2.304
2.304
2.304
2.291
2.291
2.291
2.291
2.291
2.291
2.291
2.278
2.278
2.278
2.278
2.278
2.278
2.278
2.278
2.278
2.278
2.278
2.278
2.278
2.278
2.278
2.278
2.278
2.278
2.278
2.278
2.278
2.278
2.278
2.278
2.278
2.278
2.278
2.278
2.278
2.278
2.278
2.278
2.278
2.278
2.278
2.278
2.278
2.278
2.278
2.278
2.278
2.278
2.278
2.278
2.278
2.278
2.278
2.278
2.278
2.278
2.278
2.278
2.278
2.278
2.278
2.278
2.278
2.278
2.278
2.278
2.278
2.278
2.278
2.278
2.278
2.278
2.278
2.278
2.278
2.278
2.265
2.265
2.265
2.252
2.239
2.239
2.239
2.226
2.226
2.226
2.226
2.226
2.226
2.213
2.213
2.213
2.213
2.213
2.213
2.213
2.200
